1750372206848 175389440.0 0
1750372206848 175389440.0 0
1750372207354 147165072.0 1
1750372207850 111547304.0 2
1750372208338 102559624.0 3
1750372208859 98862024.0 4
1750372209395 96045480.0 5
1750372209923 93851568.0 6
1750372210425 92172856.0 7
1750372210967 90904864.0 8
1750372211492 89889096.0 9
1750372212036 89184352.0 10
1750372212540 88652896.0 11
1750372213041 88252016.0 12
1750372213531 87974264.0 13
1750372214061 87770824.0 14
1750372214596 87637920.0 15
1750372215111 87531360.0 16
1750372215603 87467640.0 17
1750372216106 87413416.0 18
1750372216591 87360808.0 19
1750372217068 87346560.0 20
1750372217556 87290256.0 21
1750372218051 87262736.0 22
1750372218593 87237344.0 23
1750372219224 87213784.0 24
1750372219723 87175200.0 25
1750372220214 87175240.0 26
1750372220743 87134512.0 27
1750372221275 87092840.0 28
1750372221810 87073512.0 29
1750372222346 87038208.0 30
1750372222852 87001080.0 31
1750372223369 86972216.0 32
1750372223886 86937208.0 33
1750372224389 86908360.0 34
1750372224890 86877496.0 35
1750372225428 86858912.0 36
1750372225929 86801056.0 37
1750372226425 86796192.0 38
1750372226898 86752976.0 39
1750372227442 86746944.0 40
1750372227983 86716208.0 41
1750372228483 86688312.0 42
1750372228975 86658544.0 43
1750372229532 86637992.0 44
1750372230040 86611384.0 45
1750372230570 86595616.0 46
1750372231099 86587800.0 47
1750372231646 86552928.0 48
1750372232178 86547760.0 49
1750372206848 175389440.0 0
1750372206848 175389440.0 0
1750372206848 175389440.0 0
1750372206848 175389440.0 0
1750372206848 175389440.0 0
1750372206848 175389440.0 0
